<?xml version="1.0" encoding="UTF-8" standalone="no"?>
<!-- Created with Inkscape (http://www.inkscape.org/) -->

<svg
   version="1.1"
   id="svg1"
   width="244.01782"
   height="101.65692"
   viewBox="0 0 244.01782 101.65692"
   xmlns="http://www.w3.org/2000/svg"
   xmlns:svg="http://www.w3.org/2000/svg">
  <defs
     id="defs1" />
  <g
     id="g1"
     transform="translate(-797.51209,-465.72706)">
    <path
       d="m 810.1811,565.88141 c -7.0532,-1.17329 -9.0736,-2.37996 -10.7658,-6.42978 -1.5436,-3.69439 -1.9337,-14.0132 -0.5618,-14.86107 0.4694,-0.29011 1.1449,-3.66383 1.5012,-7.49716 1.1798,-12.69422 2.3907,-14.09637 19.0147,-22.01839 l 11.8694,-5.65625 16.1306,-17.45938 c 20.818,-22.53295 21.8268,-23.10331 42.5679,-24.06849 8.0095,-0.37272 42.4627,-0.97877 76.5627,-1.34678 50.4216,-0.54415 62.3278,-0.424 63.7551,0.64339 3.5519,2.65613 7.7418,34.81791 7.7437,59.44006 10e-4,13.11459 0.2814,16.36012 1.5012,17.37244 1.8974,1.57471 2.0862,13.85107 0.25,16.25245 -1.2444,1.62739 -15.2243,3.74755 -24.7106,3.74755 -3.9585,0 -4.0394,-0.0709 -4.0394,-3.53984 0,-6.51449 -6.0196,-15.01796 -12.3151,-17.39654 C 986.9258,538.62074 973,547.82183 973,560.03417 v 4.64261 l -32.25,0.65993 c -17.7375,0.36297 -43.6125,0.66069 -57.5,0.66161 L 858,566 v -4.4349 c 0,-8.14606 -3.9115,-14.15586 -11.5,-17.66924 -12.4648,-5.771 -26.5,3.79641 -26.5,18.0643 0,5.68968 0.2388,5.59432 -9.8189,3.92125 z m 56.1484,-53.30458 c 10.9063,-1.28472 20.2042,-2.72758 20.6621,-3.20635 0.4579,-0.47876 1.346,-6.6456 1.9735,-13.70407 0.8801,-9.89853 0.8674,-13.16328 -0.055,-14.27512 -0.9601,-1.1568 -2.995,-1.31087 -10.3031,-0.78005 -5.0087,0.36381 -10.3362,1.28255 -11.839,2.04165 -2.4548,1.23998 -25.0624,25.43507 -27.0967,28.99934 -1.2704,2.22594 1.0749,4.34354 4.1662,3.76168 1.4645,-0.27567 11.5861,-1.55235 22.4923,-2.83708 z"
       style="stroke:#000000"
       id="path1" />
  </g>
</svg>
